2001001 2002-01-16 01 04 05 09 12 20 16
2002001 2002-10-03 02 09 12 19 23 25 14
2002002 2002-10-06 04 08 12 15 19 28 01
2002003 2002-10-10 03 09 11 15 31 32 14
2002004 2002-10-13 13 15 17 20 21 26 12
2002005 2002-10-17 07 10 13 19 29 30 15
2002006 2002-10-20 04 09 18 24 30 16 16
2002007 2002-10-24 01 09 13 16 22 30 13
2002008 2002-10-27 03 12 13 20 23 26 16
2002009 2002-10-31 02 10 15 16 23 28 08
2002010 2002-11-03 06 20 22 23 25 30 05
2002011 2002-11-07 03 09 23 25 26 29 16
2002012 2002-11-10 12 14 19 21 30 33 06
2002013 2002-11-14 09 10 11 14 15 33 04
2002014 2002-11-17 07 10 12 13 27 32 06
2002015 2002-11-21 01 08 14 24 27 28 13
2002016 2002-11-24 01 10 11 12 14 22 07
2002017 2002-11-28 01 09 13 27 28 31 07
2002018 2002-12-01 01 14 15 19 22 33 15
2002019 2002-12-05 06 13 14 17 22 26 15
